-299.597	29587
-299.412	29793
-299.228	29553
-299.044	29500
-298.859	29342
-298.675	29584
-298.49	29509
-298.307	29502
-298.122	29564
-297.938	29389
-297.754	29260
-297.569	29336
-297.386	29121
-297.201	28965
-297.017	28781
-296.833	28795
-296.649	28633
-296.465	28892
-296.28	29037
-296.096	29018
-295.913	29138
-295.728	29208
-295.544	29402
-295.36	29180
-295.176	29324
-294.992	29125
-294.808	29318
-294.624	29359
-294.44	29475
-294.256	29354
-294.072	29225
-293.888	29268
-293.704	29015
-293.52	29132
-293.336	29019
-293.153	28845
-292.969	28763
-292.784	28769
-292.601	28595
-292.417	28542
-292.234	28892
-292.049	28585
-291.865	28725
-291.682	29125
-291.498	28936
-291.314	29016
-291.13	28971
-290.947	29071
-290.763	29065
-290.579	29169
-290.395	29188
-290.212	29194
-290.028	29169
-289.845	29302
-289.661	29027
-289.477	29209
-289.293	28898
-289.11	28852
-288.926	28674
-288.743	28940
-288.559	28722
-288.375	28620
-288.192	28642
-288.008	28496
-287.825	28488
-287.641	28537
-287.458	28410
-287.275	28590
-287.091	28549
-286.907	28697
-286.724	28933
-286.54	28958
-286.357	28872
-286.173	28968
-285.99	29004
-285.807	28927
-285.623	29020
-285.44	28932
-285.257	28834
-285.074	28850
-284.89	28712
-284.707	28693
-284.523	28796
-284.339	28807
-284.156	28602
-283.973	28563
-283.79	28696
-283.606	28592
-283.423	28498
-283.24	28829
-283.057	28697
-282.874	28567
-282.69	28586
-282.507	28648
-282.324	28492
-282.141	28804
-281.958	28980
-281.775	28756
-281.592	29066
-281.409	28732
-281.226	28760
-281.043	28626
-280.86	28678
-280.677	28734
-280.493	28600
-280.31	28696
-280.127	28671
-279.944	28626
-279.761	28670
-279.578	28561
-279.395	28751
-279.213	28702
-279.03	28566
-278.847	28787
-278.664	28499
-278.481	28781
-278.298	28639
-278.115	29010
-277.932	28736
-277.75	28660
-277.567	28744
-277.384	28820
-277.201	28597
-277.018	28713
-276.835	28354
-276.653	28476
-276.47	28405
-276.287	28484
-276.104	28607
-275.921	28596
-275.739	28525
-275.556	28383
-275.373	28198
-275.19	28230
-275.008	28357
-274.826	28719
-274.643	28468
-274.46	28615
-274.277	28774
-274.095	28728
-273.912	28703
-273.729	28713
-273.548	28569
-273.365	28442
-273.182	28504
-272.999	28405
-272.817	28143
-272.634	28177
-272.452	28142
-272.27	28135
-272.087	28202
-271.904	28238
-271.723	28274
-271.54	28174
-271.357	28197
-271.174	28209
-270.993	28258
-270.81	28421
-270.628	28497
-270.445	28449
-270.263	28690
-270.081	28664
-269.898	28687
-269.716	28522
-269.534	28366
-269.351	28420
-269.169	28457
-268.987	28616
-268.804	28363
-268.623	28288
-268.44	28300
-268.259	28306
-268.076	28202
-267.893	28189
-267.712	27971
-267.529	27981
-267.348	27986
-267.165	28159
-266.983	28137
-266.801	28418
-266.619	28476
-266.437	28362
-266.254	28735
-266.073	28766
-265.89	28621
-265.709	28718
-265.526	28607
-265.345	28603
-265.162	28483
-264.981	28385
-264.798	28466
-264.617	28501
-264.434	28248
-264.253	27990
-264.071	28228
-263.889	28061
-263.707	28216
-263.525	27989
-263.343	27817
-263.161	27695
-262.98	27754
-262.797	27853
-262.616	27827
-262.434	27909
-262.252	28385
-262.071	28109
-261.888	28410
-261.707	28513
-261.525	28444
-261.343	28493
-261.162	28190
-260.98	28477
-260.798	28331
-260.617	28434
-260.435	28308
-260.253	28536
-260.072	28397
-259.89	28252
-259.709	28228
-259.526	27983
-259.345	28110
-259.164	27896
-258.981	27839
-258.8	27831
-258.619	27883
-258.438	27891
-258.256	27909
-258.074	28097
-257.893	28362
-257.711	28201
-257.53	28071
-257.349	28124
-257.167	28209
-256.985	28211
-256.804	28363
-256.623	28459
-256.441	28301
-256.26	28342
-256.079	28416
-255.897	28192
-255.715	28278
-255.534	28055
-255.353	27912
-255.172	27935
-254.991	27966
-254.809	27832
-254.628	27828
-254.447	28101
-254.266	27818
-254.085	27979
-253.903	27946
-253.722	27985
-253.541	28032
-253.36	27922
-253.178	28123
-252.997	27907
-252.815	28176
-252.635	28265
-252.454	28328
-252.273	28156
-252.092	27984
-251.911	28118
-251.73	28109
-251.548	27941
-251.367	27845
-251.186	27757
-251.005	27648
-250.824	27489
-250.643	27598
-250.462	27494
-250.281	27844
-250.1	27740
-249.92	27987
-249.738	28170
-249.557	27957
-249.376	27902
-249.195	27731
-249.014	27581
-248.833	27815
-248.653	27886
-248.472	27892
-248.291	28153
-248.11	27777
-247.929	28010
-247.749	27941
-247.568	28173
-247.387	27855
-247.206	27873
-247.026	27683
-246.845	27755
-246.664	27616
-246.483	27747
-246.303	27684
-246.122	28064
-245.941	27979
-245.76	27960
-245.58	27911
-245.399	27901
-245.218	28126
-245.038	27879
-244.857	27837
-244.677	27727
-244.497	27827
-244.316	27975
-244.135	27777
-243.955	27992
-243.774	27718
-243.594	27838
-243.413	27826
-243.232	27527
-243.052	27422
-242.871	27297
-242.692	27363
-242.511	27557
-242.33	27572
-242.15	27658
-241.969	27571
-241.789	27918
-241.608	27710
-241.429	27781
-241.248	28132
-241.068	28085
-240.887	28092
-240.707	27945
-240.526	27929
-240.347	27879
-240.166	28093
-239.986	28037
-239.805	27728
-239.625	27779
-239.445	27578
-239.265	27608
-239.085	27508
-238.904	27496
-238.725	27459
-238.544	27481
-238.364	27293
-238.184	27142
-238.004	27328
-237.824	27279
-237.643	27549
-237.463	27418
-237.284	27520
-237.103	27546
-236.923	27630
-236.743	27438
-236.563	27760
-236.383	27903
-236.203	27678
-236.023	27928
-235.843	27877
-235.663	28108
-235.484	27884
-235.303	27890
-235.123	27815
-234.944	27625
-234.763	27352
-234.583	27493
-234.404	27176
-234.224	27494
-234.044	27428
-233.864	27449
-233.684	27239
-233.504	27590
-233.325	27644
-233.145	27572
-232.965	27576
-232.785	27532
-232.605	27737
-232.426	27878
-232.246	27754
-232.067	27793
-231.886	27719
-231.706	27867
-231.527	27721
-231.347	27591
-231.168	27456
-230.988	27318
-230.809	27342
-230.629	27365
-230.45	27252
-230.27	27203
-230.09	27233
-229.91	27292
-229.73	27103
-229.551	27210
-229.371	27231
-229.192	27308
-229.012	27158
-228.833	27349
-228.653	27456
-228.474	27709
-228.294	27809
-228.115	27598
-227.936	27906
-227.756	27710
-227.578	27762
-227.398	27666
-227.219	27814
-227.039	27684
-226.86	27601
-226.68	27562
-226.501	27609
-226.321	27345
-226.142	27416
-225.963	27348
-225.783	27177
-225.605	27048
-225.425	27155
-225.246	27062
-225.067	27041
-224.887	27269
-224.708	27344
-224.528	27260
-224.35	27363
-224.171	27605
-223.991	27494
-223.812	27592
-223.633	27449
-223.454	27584
-223.275	27486
-223.096	27675
-222.916	27486
-222.738	27581
-222.559	27351
-222.379	27184
-222.2	27258
-222.022	27176
-221.842	27211
-221.663	26950
-221.485	27041
-221.305	27123
-221.126	27056
-220.948	26901
-220.769	26958
-220.589	26747
-220.411	27026
-220.232	27250
-220.052	27055
-219.874	27277
-219.695	27375
-219.516	27705
-219.337	27610
-219.158	27756
-218.98	27571
-218.801	27536
-218.622	27564
-218.443	27372
-218.264	27165
-218.086	27207
-217.907	27108
-217.729	27006
-217.549	27024
-217.371	26952
-217.192	26809
-217.014	26665
-216.835	26893
-216.656	27023
-216.477	27029
-216.299	27161
-216.12	27201
-215.942	27411
-215.763	27289
-215.585	27329
-215.405	27440
-215.227	27386
-215.049	27430
-214.87	27245
-214.692	27135
-214.513	27136
-214.335	27255
-214.156	27034
-213.978	27235
-213.799	27300
-213.62	27370
-213.442	27106
-213.264	26953
-213.085	26939
-212.907	26881
-212.729	26729
-212.55	26938
-212.372	26866
-212.194	27095
-212.015	27124
-211.837	27105
-211.659	27495
-211.481	27295
-211.302	27383
-211.124	27150
-210.946	27143
-210.768	27181
-210.589	27218
-210.411	27214
-210.233	27224
-210.055	27260
-209.876	27102
-209.698	27258
-209.52	26998
-209.342	26907
-209.164	26972
-208.985	27029
-208.807	26580
-208.629	26533
-208.451	26434
-208.273	26520
-208.095	27055
-207.917	27095
-207.739	27089
-207.56	27024
-207.382	26916
-207.204	27033
-207.027	26856
-206.849	27004
-206.671	27244
-206.493	27108
-206.315	26977
-206.137	27166
-205.959	27043
-205.781	27020
-205.603	26887
-205.426	26797
-205.248	26956
-205.07	27008
-204.892	26770
-204.714	26809
-204.536	27016
-204.359	26970
-204.181	26813
-204.003	27035
-203.825	26893
-203.647	27163
-203.469	27066
-203.292	27199
-203.114	27186
-202.936	27216
-202.758	27021
-202.58	27081
-202.404	27039
-202.226	27089
-202.048	27062
-201.87	26801
-201.693	27036
-201.515	27124
-201.337	26938
-201.16	26778
-200.983	26749
-200.805	26604
-200.627	26509
-200.449	26407
-200.272	26668
-200.095	26772
-199.917	26695
-199.739	26601
-199.562	26702
-199.385	26872
-199.207	26754
-199.03	26865
-198.852	26950
-198.675	26945
-198.498	26922
-198.32	27131
-198.142	27151
-197.966	26965
-197.788	26881
-197.61	27019
-197.434	26720
-197.256	26515
-197.078	26585
-196.902	26337
-196.724	26492
-196.546	26457
-196.37	26513
-196.192	26563
-196.016	26530
-195.838	26644
-195.66	26563
-195.484	26843
-195.306	26885
-195.13	26957
-194.952	27144
-194.774	27203
-194.598	27151
-194.42	26877
-194.244	26700
-194.066	26950
-193.89	26875
-193.712	26788
-193.536	26761
-193.358	26768
-193.181	26578
-193.004	26688
-192.827	26625
-192.65	26324
-192.473	26292
-192.296	26309
-192.119	26150
-191.942	26187
-191.765	26371
-191.589	26411
-191.411	26435
-191.235	26463
-191.057	26687
-190.881	26828
-190.704	26895
-190.527	26867
-190.35	26762
-190.173	26765
-189.997	26695
-189.82	26665
-189.643	26850
-189.466	26849
-189.29	26925
-189.112	26595
-188.936	26662
-188.76	26391
-188.582	26417
-188.406	26394
-188.229	26396
-188.053	26395
-187.876	26313
-187.699	26523
-187.523	26453
-187.346	26682
-187.169	26799
-186.993	26668
-186.816	26590
-186.64	26509
-186.463	26403
-186.286	26660
-186.11	26693
-185.933	26549
-185.757	26742
-185.581	26710
-185.403	26807
-185.227	26616
-185.051	26499
-184.874	26589
-184.698	26681
-184.522	26487
-184.346	26522
-184.169	26385
-183.992	26379
-183.816	26234
-183.639	26274
-183.463	26285
-183.287	26391
-183.111	26573
-182.934	26534
-182.758	26712
-182.582	26795
-182.406	26693
-182.229	26693
-182.053	26765
-181.877	26786
-181.701	26921
-181.524	26588
-181.348	26598
-181.172	26478
-180.996	26354
-180.82	26528
-180.643	26291
-180.467	26113
-180.291	26050
-180.115	25943
-179.939	26001
-179.762	25841
-179.586	25824
-179.411	25821
-179.235	26082
-179.059	26066
-178.883	26355
-178.706	26457
-178.53	26431
-178.354	26495
-178.178	26416
-178.003	26696
-177.827	26674
-177.651	26631
-177.474	26824
-177.298	26694
-177.123	26487
-176.947	26551
-176.771	26688
-176.595	26530
-176.419	26277
-176.244	26272
-176.068	26158
-175.892	26378
-175.715	26162
-175.54	26082
-175.364	25998
-175.188	25992
-175.013	26085
-174.837	26210
-174.661	26300
-174.485	26188
-174.31	26254
-174.134	26512
-173.958	26407
-173.783	26609
-173.607	26578
-173.431	26577
-173.256	26514
-173.08	26507
-172.905	26461
-172.729	26353
-172.553	26325
-172.378	26443
-172.202	26408
-172.027	26209
-171.851	26345
-171.676	26067
-171.5	26229
-171.324	26108
-171.149	26013
-170.973	25915
-170.798	26053
-170.622	26069
-170.447	26255
-170.271	26228
-170.097	26413
-169.921	26127
-169.746	26264
-169.57	26148
-169.395	26410
-169.219	26355
-169.044	26388
-168.869	26329
-168.693	26284
-168.518	26497
-168.343	26337
-168.168	26431
-167.992	26390
-167.817	26213
-167.642	26014
-167.466	25993
-167.291	25960
-167.116	25991
-166.941	25886
-166.766	25956
-166.591	25906
-166.415	25987
-166.24	25922
-166.065	26190
-165.89	26115
-165.715	26295
-165.54	26294
-165.364	26345
-165.189	26426
-165.015	26185
-164.84	26439
-164.664	26234
-164.489	26174
-164.315	26247
-164.14	26217
-163.964	25946
-163.789	25932
-163.614	25804
-163.44	25969
-163.265	26089
-163.089	25826
-162.914	25891
-162.74	25834
-162.565	25621
-162.39	25682
-162.216	25996
-162.04	26021
-161.865	26118
-161.69	26274
-161.516	25939
-161.341	26078
-161.166	26259
-160.992	26303
-160.817	26235
-160.642	26248
-160.467	26307
-160.292	25872
-160.117	26082
-159.943	25999
-159.768	26122
-159.593	25954
-159.419	25559
-159.244	25612
-159.069	25386
-158.895	25317
-158.72	25444
-158.546	25534
-158.371	25548
-158.196	25587
-158.022	25768
-157.847	26111
-157.672	26212
-157.498	26139
-157.324	26194
-157.15	25948
-156.975	25847
-156.801	26051
-156.626	26110
-156.451	26184
-156.277	26140
-156.102	26109
-155.928	26020
-155.753	26001
-155.58	26024
-155.405	26083
-155.231	25887
-155.056	25566
-154.881	25628
-154.707	25619
-154.533	25452
-154.359	25490
-154.184	25569
-154.01	25461
-153.836	25803
-153.662	25813
-153.487	25751
-153.313	25932
-153.138	25884
-152.965	26067
-152.79	25974
-152.616	25990
-152.443	26154
-152.268	25901
-152.094	26090
-151.919	25914
-151.746	25917
-151.571	26051
-151.397	25942
-151.223	25810
-151.049	25915
-150.875	25836
-150.701	25802
-150.527	25538
-150.353	25648
-150.179	25645
-150.004	25775
-149.831	25480
-149.657	25704
-149.483	25500
-149.309	25845
-149.135	25664
-148.961	25838
-148.787	25788
-148.613	25691
-148.439	25729
-148.266	25880
-148.091	25973
-147.918	25927
-147.744	25955
-147.57	25712
-147.396	25650
-147.223	25734
-147.048	25467
-146.875	25564
-146.701	25530
-146.527	25540
-146.353	25528
-146.18	25524
-146.006	25416
-145.832	25413
-145.659	25475
-145.485	25373
-145.311	25574
-145.138	25355
-144.964	25570
-144.79	25693
-144.616	25757
-144.443	25625
-144.27	25611
-144.095	25618
-143.922	25457
-143.749	25808
-143.575	25795
-143.402	25762
-143.228	25642
-143.054	25507
-142.881	25658
-142.708	25512
-142.534	25476
-142.36	25493
-142.187	25347
-142.014	25586
-141.841	25500
-141.666	25678
-141.493	25469
-141.32	25541
-141.147	25546
-140.974	25628
-140.8	25571
-140.626	25701
-140.453	25634
-140.28	25740
-140.107	25948
-139.933	25842
-139.76	25821
-139.587	25888
-139.413	25853
-139.24	25365
-139.067	25439
-138.894	25472
-138.721	25431
-138.547	25406
-138.374	25424
-138.201	25360
-138.028	25210
-137.854	25177
-137.681	25454
-137.508	25275
-137.335	25493
-137.162	25485
-136.989	25538
-136.816	25221
-136.643	25493
-136.47	25416
-136.297	25442
-136.124	25556
-135.951	25430.3
-135.778	25770.1
-135.605	25684.1
-135.432	25643.7
-135.259	25525.4
-135.086	25608.7
-134.913	25567.2
-134.74	25626.8
-134.567	25331
-134.395	25291.3
-134.222	25461.8
-134.049	25306.2
-133.876	25022.2
-133.703	25301.3
-133.53	25083.3
-133.357	25119
-133.184	25281.7
-133.012	25338.2
-132.839	25358.4
-132.666	25500.1
-132.493	25643.3
-132.32	25814.6
-132.147	25561.4
-131.975	25718.1
-131.802	25711.8
-131.629	25730.8
-131.456	25660
-131.284	25577.9
-131.111	25656
-130.939	25592.2
-130.766	25433.6
-130.594	25347.8
-130.421	25268.5
-130.248	25392.8
-130.075	25301.1
-129.903	25298.1
-129.73	25183.3
-129.557	25219.2
-129.386	25443.1
-129.213	25282.1
-129.04	25296.3
-128.868	25303.9
-128.695	25231
-128.522	25307.9
-128.35	25421.9
-128.178	25520.5
-128.005	25493.5
-127.833	25413.2
-127.66	25632.2
-127.488	25652.1
-127.315	25740.3
-127.144	25737.7
-126.971	25706.7
-126.798	25805.6
-126.626	25693
-126.453	25746.2
-126.282	25692.9
-126.109	25504
-125.937	25470.6
-125.764	25437
-125.592	25373.5
-125.42	25348.7
-125.248	25252.9
-125.075	25207.7
-124.903	25090.1
-124.731	25123.9
-124.559	25069.3
-124.386	25183.6
-124.214	25379.5
-124.042	25436.3
-123.87	25460.7
-123.698	25532.8
-123.526	25673.7
-123.354	25616.1
-123.181	25657.4
-123.009	25681.6
-122.838	25598.3
-122.665	25608.9
-122.493	25570.3
-122.321	25562.6
-122.149	25608.2
-121.977	25481.5
-121.805	25541.8
-121.633	25517.6
-121.461	25401.3
-121.289	25334
-121.117	25390.9
-120.945	25421.8
-120.774	25465.7
-120.601	25347.8
-120.429	25247.5
-120.258	25232.9
-120.085	25232.3
-119.913	25291.7
-119.742	25341.4
-119.57	25392.4
-119.398	25408.4
-119.226	25514.9
-119.054	25578.4
-118.883	25600.2
-118.711	25590.9
-118.539	25531.4
-118.367	25445.5
-118.195	25531.5
-118.024	25431.2
-117.852	25312.7
-117.681	25187.4
-117.509	25125.9
-117.352	25171
-117.176	25306
-117.001	25146
-116.826	25164
-116.65	25177
-116.475	25401
-116.299	25092
-116.125	25174
-115.95	25518
-115.774	25358
-115.599	25278
-115.424	25479
-115.248	25493
-115.073	25343
-114.898	25732
-114.722	25460
-114.547	25580
-114.372	25418
-114.198	25562
-114.022	25632
-113.847	25398
-113.672	25595
-113.496	25307
-113.321	25270
-113.146	24924
-112.972	24996
-112.796	24914
-112.621	24983
-112.446	25253
-112.271	24855
-112.096	24959
-111.921	25067
-111.746	24960
-111.571	25090
-111.396	25104
-111.221	25123
-111.046	25308
-110.871	25296
-110.696	25089
-110.521	25270
-110.346	25001
-110.171	25247
-109.997	24938
-109.821	25015
-109.646	24834
-109.472	24653
-109.297	24679
-109.122	24479
-108.948	24344
-108.772	24339
-108.597	24302
-108.423	24200
-108.248	24210
-108.074	24196
-107.899	24032
-107.724	23885
-107.549	23931
-107.374	23956
-107.2	24024
-107.025	24266
-106.851	24244
-106.676	24004
-106.501	24152
-106.327	24143
-106.152	24190
-105.977	24318
-105.802	24105
-105.628	24081
-105.453	24141
-105.279	24350
-105.104	24062
-104.93	24204
-104.755	23897
-104.581	23761
-104.406	23823
-104.232	23737
-104.058	23944
-103.883	23898
-103.709	23724
-103.534	23955
-103.36	24175
-103.185	24137
-103.011	24174
-102.837	24075
-102.662	24286
-102.488	24418
-102.314	24280
-102.139	24255
-101.965	24373
-101.79	24555
-101.616	24782
-101.442	24524
-101.267	24628
-101.093	24473
-100.919	24554
-100.745	24560
-100.57	24561
-100.396	24521
-100.222	24447
-100.047	24198
-99.8732	24656
-99.6993	24495
-99.5254	24338
-99.3505	24387
-99.1766	24623
-99.0026	24701
-98.8287	24837
-98.6548	24853
-98.4799	24901
-98.3061	24763
-98.1322	24648
-97.9583	24781
-97.7844	24880
-97.6096	24895
-97.4357	24867
-97.2618	24855
-97.0879	24699
-96.9141	24674
-96.7402	24577
-96.5664	24439
-96.3916	24662
-96.2177	24463
-96.0439	24321
-95.8701	24454
-95.6962	24471
-95.5224	24425
-95.3486	24383
-95.1748	24290
-95.001	24387
-94.8272	24360
-94.6534	24185
-94.4796	24593
-94.3058	24747
-94.132	24596
-93.9582	24806
-93.7844	24699
-93.6107	24721
-93.4369	24777
-93.2632	24433
-93.0894	24528
-92.9156	24448
-92.7419	24428
-92.5682	24318
-92.3944	24137
-92.2207	24022
-92.047	24062
-91.8733	24092
-91.6995	23912
-91.5258	23865
-91.3521	23756
-91.1784	23653
-91.0057	23707
-90.832	23586
-90.6583	23536
-90.4846	23730
-90.3109	23674
-90.1373	23915
-89.9636	23702
-89.7909	23832
-89.6172	23755
-89.4436	23813
-89.2699	23819
-89.0963	23699
-88.9236	23704
-88.75	23638
-88.5763	23943
-88.4027	23652
-88.23	23869
-88.0564	23895
-87.8828	23717
-87.7092	23839
-87.5365	23544
-87.363	23690
-87.1894	23467
-87.0158	23517
-86.8431	23604
-86.6696	23336
-86.496	23425
-86.3234	23690
-86.1498	23630
-85.9763	23803
-85.8037	23927
-85.6301	23770
-85.4566	24091
-85.284	23867
-85.1105	24041
-84.9369	23953
-84.7643	23882
-84.5908	23766
-84.4183	23709
-84.2448	23789
-84.0713	23741
-83.8987	23739
-83.7252	23984
-83.5527	23831
-83.3792	23906
-83.2066	23810
-83.0332	23856
-82.8606	23727
-82.6872	24045
-82.5147	24067
-82.3412	24007
-82.1687	24101
-81.9953	24184
-81.8228	24401
-81.6493	24316
-81.4769	24481
-81.3034	24378
-81.131	24310
-80.9575	24430
-80.7851	24474
-80.6117	24526
-80.4392	24564
-80.2668	24597
-80.0934	24522
-79.9209	24413
-79.7475	24130
-79.5751	24165
-79.4027	24257
-79.2293	24066
-79.0569	23766
-78.8835	23800
-78.7111	23941
-78.5387	24068
-78.3654	24092
-78.193	24091
-78.0206	24246
-77.8473	24108
-77.6749	24357
-77.5025	24455
-77.3302	24196
-77.1568	24357
-76.9845	24518
-76.8121	24279
-76.6398	24180
-76.4665	24224
-76.2942	24281
-76.1218	24234
-75.9495	24242
-75.7762	24280
-75.6039	23953
-75.4316	23903
-75.2593	23877
-75.087	24025
-74.9137	23868
-74.7414	23436
-74.5691	23656
-74.3968	23832
-74.2245	23927
-74.0523	23976
-73.8791	24062
-73.7068	24133
-73.5345	24199
-73.3623	24243
-73.19	24347
-73.0178	24198
-72.8455	24477
-72.6733	24300
-72.501	24528
-72.3288	24501
-72.1556	24299
-71.9834	24441
-71.8112	24369
-71.639	24296
-71.4668	24219
-71.2946	24160
-71.1224	24075
-70.9502	23929
-70.778	24015
-70.6058	23889
-70.4336	23824
-70.2615	23832
-70.0893	23840
-69.9171	24036
-69.745	24053
-69.5728	24039
-69.4007	23965
-69.2295	24101
-69.0573	24293
-68.8852	24319
-68.7131	24152
-68.5409	24056
-68.3688	24017
-68.1967	24285
-68.0246	23827
-67.8525	24142
-67.6804	24067
-67.5092	24195
-67.3371	23900
-67.1651	23791
-66.993	23715
-66.8209	23671
-66.6488	23581
-66.4777	23496
-66.3056	23753
-66.1336	23560
-65.9615	23827
-65.7895	23840
-65.6184	23811
-65.4463	24013
-65.2743	23917
-65.1023	24237
-64.9312	24168
-64.7592	24082
-64.5871	24238
-64.4151	24278
-64.2441	24189
-64.0721	23975
-63.9001	24048
-63.729	24022
-63.557	24180
-63.3851	23985
-63.214	23877
-63.042	23971
-62.8701	23649
-62.6991	23633
-62.5271	23574
-62.3551	23721
-62.1841	23629
-62.0122	23630
-61.8412	23711
-61.6693	23550
-61.4973	23515
-61.3264	23942
-61.1544	23843
-60.9835	23808
-60.8115	23774
-60.6406	23871
-60.4687	23563
-60.2968	23685
-60.1258	23818
-59.9539	23746
-59.783	23654
-59.6111	23522
-59.4402	23750
-59.2683	23632
-59.0974	23416
-58.9255	23525
-58.7546	23544
-58.5828	23599
-58.4119	23409
-58.241	23659
-58.0692	23596
-57.8983	23429
-57.7264	23484
-57.5556	23259
-57.3837	23456
-57.2129	23468
-57.042	23363
-56.8702	23686
-56.6994	23734
-56.5276	23682
-56.3567	23768
-56.1859	23869
-56.0141	23857
-55.8433	23995
-55.6724	23738
-55.5007	23783
-55.3299	23739
-55.159	23579
-54.9873	23745
-54.8165	23411
-54.6457	23500
-54.4749	23470
-54.3032	23471
-54.1324	23432
-53.9616	23599
-53.7908	23497
-53.6191	23386
-53.4484	23327
-53.2776	23277
-53.1068	23507
-52.9351	23455
-52.7644	23502
-52.5937	23485
-52.4229	23709
-52.2522	23565
-52.0805	23669
-51.9098	23770
-51.7391	23698
-51.5684	23940
-51.3977	23799
-51.2269	23751
-51.0562	23404
-50.8846	23401
-50.7139	23397
-50.5432	23117
-50.3726	23144
-50.2019	23100
-50.0312	22980
-49.8605	23079
-49.6899	22915
-49.5192	22926
-49.3486	22960
-49.1779	23185
-49.0073	23213
-48.8366	23142
-48.666	23261
-48.4954	23235
-48.3248	23462
-48.1541	23402
-47.9835	23473
-47.8129	23592
-47.6423	23636
-47.4717	23689
-47.3011	23786
-47.1305	23490
-46.9599	23232
-46.7893	23221
-46.6188	23157
-46.4482	23034
-46.2776	23060
-46.1071	23038
-45.9365	22814
-45.7659	22991
-45.5963	22856
-45.4258	23026
-45.2553	22863
-45.0847	23217
-44.9142	22937
-44.7437	22893
-44.5731	23073
-44.4036	23250
-44.2331	23385
-44.0625	23386
-43.892	23474
-43.7215	23486
-43.552	23623
-43.3815	23564
-43.211	23638
-43.0405	23660
-42.8701	23570
-42.7005	23399
-42.5301	23021
-42.3596	23231
-42.1892	23122
-42.0197	22981
-41.8492	22882
-41.6788	22763
-41.5093	22872
-41.3388	22858
-41.1684	22711
-40.9989	22856
-40.8285	22747
-40.6581	22600
-40.4886	22698
-40.3182	22702
-40.1478	22831
-39.9784	22962
-39.808	23056
-39.6376	23102
-39.4682	23260
-39.2978	23301
-39.1283	23342
-38.958	23181
-38.7876	23003
-38.6182	22864
-38.4478	22968
-38.2784	22710
-38.1081	22781
-37.9387	22505
-37.7684	22509
-37.599	22384
-37.4286	22653
-37.2593	22383
-37.089	22482
-36.9196	22561
-36.7493	22582
-36.5799	22759
-36.4096	22678
-36.2403	22659
-36.07	22838
-35.9006	22954
-35.7304	23010
-35.561	22913
-35.3908	22898
-35.2214	22870
-35.0521	22966
-34.8819	22826
-34.7125	22866
-34.5423	22679
-34.373	22636
-34.2037	22502
-34.0335	22448
-33.8642	22196
-33.6949	22276
-33.5247	21904
-33.3554	22000
-33.1861	21904
-33.0159	21855
-32.8467	21983
-32.6774	22009
-32.5072	22084
-32.338	22314
-32.1687	22046
-31.9995	22161
-31.8293	22439
-31.6601	22409
-31.4909	22637
-31.3217	22630
-31.1515	22500
-30.9823	22509
-30.8131	22663
-30.6439	22506
-30.4747	22373
-30.3046	22419
-30.1354	22088
-29.9662	22135
-29.797	21894
-29.6279	21837
-29.4578	21684
-29.2886	21751
-29.1194	21699
-28.9503	21551
-28.7811	21502
-28.612	21763
-28.4429	21743
-28.2737	21822
-28.1046	21867
-27.9345	21793
-27.7654	21871
-27.5963	21856
-27.4272	22186
-27.2581	22278
-27.089	22272
-26.9199	22231
-26.7508	22030
-26.5817	21951
-26.4126	21815
-26.2435	21822
-26.0745	21590
-25.9054	21492
-25.7363	21293
-25.5673	21165
-25.3982	21137
-25.2291	21217
-25.0601	21119
-24.8911	21080
-24.722	21028
-24.553	21155
-24.384	21142
-24.2149	21179
-24.0469	21361
-23.8778	21444
-23.7088	21389
-23.5398	21252
-23.3708	21358
-23.2018	21452
-23.0328	21567
-22.8638	21616
-22.6958	21643
-22.5268	21401
-22.3579	21349
-22.1889	21298
-22.0199	21023
-21.851	20865
-21.6829	20507
-21.514	20342
-21.345	20340
-21.1761	20073
-21.0081	19848
-20.8392	19920
-20.6702	19844
-20.5013	19976
-20.3333	20027
-20.1644	20140
-19.9955	20249
-19.8266	20429
-19.6587	20521
-19.4898	20548
-19.3209	20413
-19.1529	20568
-18.984	20709
-18.8152	20741
-18.6472	20728
-18.4784	20479
-18.3095	20100
-18.1416	20102
-17.9727	19680
-17.8039	19494
-17.636	19360
-17.4671	19236
-17.2992	19033
-17.1304	18671
-16.9616	18554
-16.7937	18675
-16.6249	18548
-16.457	18468
-16.2882	18589
-16.1203	18488
-15.9515	18543
-15.7837	18749
-15.6149	18706
-15.447	18771
-15.2783	18799
-15.1104	19059
-14.9416	18762
-14.7738	18754
-14.6051	18525
-14.4372	18296
-14.2685	18119
-14.1007	17843
-13.9319	17392
-13.7641	17107
-13.5954	16612
-13.4276	16322
-13.2598	16000
-13.0911	15728
-12.9233	15573
-12.7546	15528
-12.5868	15380
-12.4191	15370
-12.2504	15371
-12.0826	15438
-11.9149	15646
-11.7462	15735
-11.5784	15668
-11.4098	15772
-11.242	15656
-11.0743	15518
-10.9066	15138
-10.7379	14941
-10.5702	14335
-10.4025	13659
-10.2338	13184
-10.0661	12568
-9.89845	11960
-9.73075	11398
-9.56213	10763
-9.39444	10140
-9.22677	9606
-9.05909	9257
-8.89142	8957
-8.72282	8657
-8.55516	8475
-8.3875	8400
-8.21985	8086
-8.0522	7659
-7.88363	7354
-7.71599	6748
-7.54835	6041
-7.38072	5107
-7.2131	4201
-7.04548	3405
-6.87787	2620
-6.70932	1939
-6.54171	1358
-6.37411	976
-6.20651	621
-6.03892	438
-5.87133	283
-5.70375	220
-5.53617	170
-5.3686	127
-5.20103	128
-5.03346	125
-4.8659	105
-4.69834	104
-4.53079	103
-4.36324	116
-4.1957	104
-4.02816	98
-3.86063	93
-3.6931	87
-3.52558	98
-3.35806	98
-3.19054	104
-3.02303	91
-2.85552	108
-2.68802	80
-2.52052	89
-2.35303	91
-2.18554	89
-2.01899	87
-1.85151	79
-1.68404	74
-1.51657	79
-1.3491	92
-1.18164	97
-1.01419	85
-0.847669	75
-0.680221	91
-0.512778	88
-0.345339	77
-0.177905	89
-0.0104759	77
0.156014	87
0.323434	94
0.49085	96
0.658262	87
0.824733	88
0.992136	81
1.15953	86
1.32693	83
1.49338	77
1.66076	93
1.82814	77
1.99552	91
2.16196	106
2.32932	80
2.49668	92
2.66311	73
2.83046	83
2.99781	85
3.16422	78
3.33155	99
3.49889	92
3.66528	103
3.83261	87
3.999	99
4.16631	100
4.33362	116
4.5	132
4.6673	145
4.83366	172
5.00096	201
5.16731	264
5.3346	321
5.50188	419
5.66822	576
5.83549	797
6.00182	1172
6.16909	1603
6.33541	2229
6.50266	2989
6.66898	3873
6.83622	4875
7.00253	5844
7.16976	6776
7.33606	7698
7.50235	8531
7.66957	9269
7.83586	9705
8.00307	10044
8.16934	10295
8.33655	10593
8.50281	10401
8.66907	10479
8.83626	10584
9.00252	10692
9.16876	10906
9.33594	11242
9.50218	11542
9.66935	12062
9.83558	12329
10.0018	12971
10.169	13543
10.3352	14058
10.5014	14523
10.6676	15165
10.8347	15577
11.0009	16004
11.1671	16312
11.3342	16567
11.5004	16716
11.6666	16909
11.8328	16705
11.9999	16808
12.1661	16638
12.3322	16588
12.4984	16372
12.6645	16341
12.8316	16354
12.9978	16263
13.1639	16435
13.33	16470
13.4962	16596
13.6623	16956
13.8293	17016
13.9955	17401
14.1616	17654
14.3277	17981
14.4938	18229
14.6599	18504
14.826	18775
14.9921	18979
15.1591	19114
15.3252	19209
15.4912	19361
15.6573	19218
15.8234	19228
15.9895	19017
16.1555	19088
16.3216	18898
16.4876	18826
16.6537	18932
16.8197	18857
16.9857	18626
17.1518	18763
17.3178	18671
17.4838	18751
17.6498	18939
17.8159	18973
17.9819	19028
18.1479	19379
18.3139	19334
18.4799	19680
18.6459	19700
18.8109	19909
18.9769	19973
19.1429	20239
19.3089	19999
19.4748	20110
19.6408	20324
19.8068	20310
19.9727	20366
20.1377	20273
20.3037	20089
20.4696	20157
20.6356	19918
20.8015	19851.2
20.9674	20009
21.1324	19976.7
21.2984	19737.1
21.4643	19729.7
21.6302	19897.3
21.7961	20003.9
21.9611	20140
22.127	20328.7
22.2929	20283.1
22.4587	20430
22.6237	20557.5
22.7896	20571.2
22.9555	20705.3
23.1204	20876.9
23.2863	20878.8
23.4521	20826
23.618	20879.4
23.7829	20914.9
23.9488	21012.2
24.1146	21007.4
24.2795	20883.7
24.4454	20847.2
24.6103	20711.5
24.7761	20573.4
24.9419	20356.6
25.1068	20537.1
25.2726	20452
25.4384	20398.1
25.6033	20339.1
25.7691	20403.4
25.934	20478.1
26.0998	20554.2
26.2646	20730
26.4304	20800
26.5962	20739.8
26.761	20879.9
26.9268	20873.5
27.0916	20994.8
27.2574	21134.4
27.4222	21184.9
27.588	21245
27.7528	21365.4
27.9185	21482.1
28.0833	21267.7
28.2491	21298.2
28.4139	21240.8
28.5787	21090.3
28.7444	21075.5
28.9092	20962.5
29.0749	20946
29.2397	20861.4
29.4054	20898.2
29.5701	20902.6
29.7349	20972.6
29.9006	21027.8
30.0653	20910
30.231	21109.7
30.3958	20997.5
30.5605	21044.1
30.7262	21070.2
30.8909	21117.5
31.0556	21293.8
31.2213	21244.2
31.386	21409
31.5507	21498
31.7154	21638.9
31.8811	21741.9
32.0458	21761.3
32.2105	21536.8
32.3761	21545.6
32.5408	21413
32.7055	21486.8
32.8702	21415.7
33.0358	21285.2
33.2004	21294.6
33.3651	21379.5
33.5298	21400.4
33.6944	21386.6
33.86	21306.9
34.0247	21379.3
34.1893	21425.7
34.3539	21401.8
34.5186	21318.3
34.6841	21414.6
34.8488	21432.7
35.0134	21441.1
35.178	21438.7
35.3426	21546.5
35.5072	21506.3
35.6718	21765.4
35.8364	21756.7
36.001	21815.5
36.1666	21885.8
36.3312	21885.9
36.4957	21854.6
36.6603	21850.7
36.8249	21726.8
36.9895	21656.8
37.154	21635.9
37.3186	21440.3
37.4831	21452.2
37.6477	21464.9
37.8122	21134.1
37.9768	21195.4
38.1413	21268.3
38.3059	21202.7
38.331	21190
38.4992	21109
38.6675	21258
38.8348	21198
39.003	21469
39.1712	21464
39.3395	21673
39.5077	21398
39.6759	21563
39.8441	21657
40.0114	21594
40.1796	21838
40.3478	21788
40.516	21861
40.6842	22001
40.8524	21876
41.0196	21892
41.1878	21821
41.356	21592
41.5241	21558
41.6913	21478
41.8595	21555
42.0277	21234
42.1958	21277
42.363	21186
42.5312	21374
42.6993	21374
42.8665	21509
43.0346	21397
43.2027	21316
43.3709	21661
43.538	21609
43.7061	21774
43.8742	21723
44.0414	21888
44.2095	21774
44.3776	21774
44.5448	21675
44.7128	22001
44.88	21890
45.048	21628
45.2161	21713
45.3832	21815
45.5513	21575
45.7184	21557
45.8865	21578
46.0536	21501.5
46.2216	21425
46.3897	21602
46.5568	21382
46.7248	21476
46.8919	21560
47.0599	21486
47.227	21517
47.395	21591
47.562	21503
47.73	21678
47.8971	21603
48.0651	21740
48.2322	21717
48.4001	21568
48.5672	21826
48.7342	21484
48.9022	21505
49.0692	21488
49.2372	21540
49.4042	21420
49.5721	21367
49.7392	21547
49.9062	21536
50.0741	21395
50.2411	21384
50.409	21268
50.576	21224
50.743	21318
50.9109	21456
51.0779	21467
51.2449	21516
51.4128	21522
51.5797	21547
51.7467	21701
51.9136	21651
52.0815	21844
52.2485	21609
52.4154	21668
52.5833	21754
52.7502	21474
52.9171	21527
53.0841	21718
53.2519	21652
53.4188	21789
53.5857	21676
53.7526	21414
53.9205	21563
54.0874	21485
54.2543	21514
54.4211	21372
54.588	21441
54.7549	21301
54.9227	21279
55.0896	21243
55.2564	21453
55.4233	21384
55.5902	21451
55.757	21582
55.9239	21388
56.0916	21381
56.2585	21587
56.4253	21536
56.5921	21444
56.7589	21465
56.9258	21534
57.0926	21591
57.2594	21752
57.4262	21756
57.593	21670
57.7598	21627
57.9266	21655
58.0934	21468
58.2602	21580
58.4269	21392
58.5937	21468
58.7605	21526
58.9272	21488
59.094	21408
59.2608	21384
59.4275	21403
59.5943	21340
59.761	21221
59.9277	21581
60.0945	21338
60.2612	21359
60.4279	21538
60.5947	21440
60.7614	21410
60.9281	21560
61.0939	21590
61.2606	21430
61.4273	21600
61.594	21604
61.7606	21483
61.9273	21548
62.094	21551
62.2598	21395
62.4264	21361
62.5931	21560
62.7598	21546
62.9264	21601
63.0921	21528
63.2588	21265
63.4254	21128
63.5921	21113
63.7587	21192
63.9244	21197
64.091	21258
64.2577	21246
64.4243	21304
64.59	21277
64.7566	21419
64.9232	21415
65.0889	21349
65.2554	21402
65.422	21452
65.5877	21569
65.7543	21328
65.9209	21405
66.0865	21251
66.2531	21233
66.4196	21158
66.5853	21099
66.7518	21402
66.9184	21305
67.084	21330
67.2505	21326
67.4161	21201
67.5827	21023
67.7492	20977
67.9148	20971
68.0813	21166
68.2469	21132
68.4134	21278
68.579	21174
68.7455	21236
68.912	21091
69.0775	21192
69.244	21190
69.4096	21365
69.5761	21198
69.7416	21444
69.9081	21381
70.0736	21565
70.2401	21436
70.4056	21487
70.5711	21558
70.7376	21410
70.9031	21545
71.0695	21076
71.235	21273
71.4015	21164
71.567	21037
71.7325	21069
71.8989	20867
72.0644	20808
72.2308	20919
72.3962	21041
72.5617	20858
72.7281	20916
72.8936	20915
73.059	20994
73.2254	20892
73.3909	21082
73.5563	21117
73.7227	21167
73.8881	21286
74.0535	21323
74.219	21211
74.3853	21187
74.5507	21310
74.7161	21237
74.8825	21296
75.0479	21185
75.2133	20964
75.3787	20970
75.545	20821
75.7104	20914
75.8758	20755
76.0412	20754
76.2065	20824
76.3728	20768
76.5382	20917
76.7035	20723
76.8689	20905
77.0343	20674
77.1996	20758
77.3649	20888
77.5312	20937
77.6965	20963
77.8619	21195
78.0272	21000
78.1925	21099
78.3578	21030
78.5231	21071
78.6885	21104
78.8538	21011
79.0191	21363
79.1853	21000
79.3506	21043
79.5158	21059
79.6811	21132
79.8464	20735
80.0117	20798
80.1769	20798
80.3422	20578
80.5075	20687
80.6727	20747
80.838	20718
81.0032	20693
81.1684	20856
81.3337	20891
81.4989	20793
81.6632	20869
81.8284	20880
81.9937	20911
82.1589	21045
82.3241	21132
82.4893	21065
82.6545	21250
82.8197	20903
82.9849	20989
83.1501	21020
83.3153	21037
83.4795	20840
83.6447	20933
83.8099	20826
83.975	20975
84.1402	20995
84.3053	20918
84.4696	20987
84.6347	20869
84.7999	20874
84.965	20641
85.1301	20693
85.2943	20819
85.4595	20804
85.6246	20769
85.7897	20941
85.9539	21033
86.119	21000
86.2841	21107
86.4492	20897
86.6134	21030
86.7785	20902
86.9436	20778
87.1077	20901
87.2728	20845
87.4379	20784
87.602	20753
87.7671	20760
87.9321	20697
88.0963	20763
88.2613	20747
88.4264	20737
88.5905	20852
88.7555	21038
88.9196	21015
89.0847	20740
89.2497	20851
89.4138	20681
89.5788	20813
89.7429	20890
89.9079	20823
90.072	20756
90.237	20911
90.402	20993
90.566	21062
90.731	21250
90.8951	20958
91.06	20942
91.2241	20818
91.3891	20905
91.5531	20842
91.718	20748
91.8821	20860
92.047	20640
92.2111	20500
92.3751	20737
92.54	20708
92.704	20536
92.8689	20311
93.0329	20376
93.1979	20391
93.3619	20258
93.5258	20525
93.6907	20471
93.8547	20640
94.0187	20576
94.1836	20380
94.3476	20576
94.5124	20669
94.6764	20866
94.8403	20945
95.0052	20812
95.1692	20887
95.3331	20709
95.497	20632
95.6619	20558
95.8258	20722
95.9897	20670
96.1546	20630
96.3185	20751
96.4824	20517
96.6463	20535
96.8111	20412
96.975	20532
97.1389	20618
97.3028	20360
97.4667	20538
97.6315	20496
97.7953	20396
97.9592	20587
98.1231	20663
98.2869	20566
98.4517	20566
98.6156	20699
98.7794	20759
98.9433	20781
99.1071	20895
99.2709	20921
99.4348	20925
99.5986	20812
99.7633	20690
99.9271	20602
100.091	20627
100.255	20567
100.419	20580
100.582	20486
100.746	20460
100.91	20351
101.074	20372
101.238	20484
101.401	20213
101.565	20320
101.729	20375
101.893	20103
102.056	20396
102.22	20537
102.384	20481
102.548	20374
102.711	20559
102.875	20356
103.039	20572
103.203	20637
103.366	20694
103.53	20612
103.694	20801
103.857	20599
104.02	20692
104.184	20475
104.348	20620
104.511	20639
104.675	20504
104.839	20404
105.002	20145
105.166	20237
105.329	20286
105.492	20302
105.656	20357
105.82	20213
105.983	20355
106.146	20337
106.31	20555
106.473	20416
106.637	20417
106.801	20403
106.963	20603
107.127	20616
107.291	20636
107.454	20642
107.617	20755
107.781	20750
107.944	20611
108.107	20755
108.27	20654
108.434	20633
108.598	20636
108.76	20678
108.924	20375
109.087	20500
109.25	20212
109.414	20211
109.576	20338
109.74	20423
109.903	20309
110.066	20242
110.23	20436
110.393	20366
110.556	20287
110.719	20392
110.882	20482
111.045	20214
111.208	20400
111.372	20495
111.535	20539
111.698	20499
111.861	20604
112.024	20621
112.187	20673
112.35	20540
112.513	20362
112.676	20305
112.839	20553
113.002	20441
113.165	20027
113.328	20095
113.49	20246
113.654	20180
113.816	20205
113.98	20331
114.142	20214
114.306	20301
114.468	20209
114.631	20216
114.794	20251
114.957	20293
115.12	20096
115.283	20485
115.445	20423
115.608	20272
115.771	20539
115.933	20503
116.097	20499
116.259	20497
116.422	20445
116.585	20294
116.748	20245
116.91	20391
117.072	20130
117.236	20547
117.398	20422
117.561	20384
117.723	20236
117.886	20222
118.049	20043
118.211	20193
118.374	20096
118.537	20287
118.699	20169
118.862	20114
119.024	20206
119.187	20168
119.35	20374
119.512	20109
119.675	20235
119.837	20279
119.999	20282
120.162	20289
120.324	20134
120.487	20405
120.65	20283
120.812	20560
120.974	20132
121.137	20133
121.299	20039
121.461	20265
121.624	20134
121.786	20101
121.948	19906
122.111	20034
122.273	20006
122.435	19912
122.597	20068
122.76	20153
122.922	20053
123.084	20192
123.247	20344
123.409	20276
123.571	20231
123.733	20462
123.896	20394
124.058	20349
124.22	20075
124.382	20345
124.545	20312
124.707	20233
124.869	20257
125.031	20156
125.194	20050
125.355	20249
125.517	20128
125.679	19881
125.842	20075
126.004	19956
126.166	20076
126.328	19919
126.489	19881
126.652	19816
126.814	19887
126.976	19810
127.138	19844
127.3	20034
127.462	20011
127.624	19919
127.786	19903
127.948	20071
128.109	19977
128.271	20457
128.434	20212
128.596	20032
128.757	20078
128.919	20026
129.081	20103
129.242	20171
129.404	20128
129.567	20063
129.728	19962
129.89	20112
130.052	19890
130.213	19756
130.375	19677
130.537	19399
130.699	19773
130.861	19754
131.023	19609
131.184	19662
131.346	19537
131.507	19838
131.669	19854
131.83	19826
131.992	19889
132.154	20094
132.315	20155
132.477	19939
132.639	20239
132.801	19890
132.962	19991
133.124	20167
133.285	20214
133.447	19979
133.608	20103
133.77	20051
133.931	19985
134.093	19943
134.254	19971
134.416	19912
134.577	19838
134.738	19903
134.9	19773
135.061	19823
135.223	19941
135.384	19646
135.546	19877
135.707	19940
135.868	19749
136.03	19950
136.191	20021
136.352	20027
136.514	20119
136.675	20062
136.836	20003
136.998	20067
137.159	20120
137.32	20015
137.482	20056
137.643	20073
137.804	20059
137.965	19931
138.127	19907
138.288	19910
138.449	19856
138.611	19936
138.771	19883
138.932	19810
139.093	19843
139.254	19663
139.416	19640
139.577	19625
139.738	19553
139.899	19877
140.06	19722
140.222	19948
140.383	19919
140.544	19990
140.704	20019
140.865	20055
141.026	20162
141.187	20089
141.348	19850
141.51	20006
141.671	20132
141.832	20083
141.992	19944
142.153	20039
142.314	19805
142.475	19575
142.636	19797
142.797	19616
142.958	19552
143.118	19633
143.279	19643
143.44	19555
143.601	19855
143.762	19549
143.923	19654
144.083	19737
144.244	19735
144.405	19854
144.566	19735
144.727	19900
144.887	19905
145.048	19897
145.209	19981
145.37	19963
145.53	20098
145.691	19843
145.851	20075
146.012	20004
146.173	19947
146.333	19898
146.494	19556
146.655	19762
146.816	19568
146.975	19651
147.136	19826
147.297	19546
147.458	19542
147.618	19506
147.778	19392
147.939	19661
148.1	19525
148.26	19618
148.421	19664
148.581	19781
148.741	19870
148.902	19775
149.063	19743
149.223	19689
149.383	19932
149.544	19879
149.704	19979
149.864	19808
150.025	19845
150.185	19757
150.345	19764
150.506	19938
150.666	19616
150.826	19586
150.987	19619
151.147	19423
151.307	19501
151.468	19503
151.628	19597
151.788	19508
151.948	19419
152.109	19404
152.269	19579
152.429	19614
152.589	19445
152.749	19269
152.91	19556
153.069	19651
153.23	19651
153.39	19598
153.55	19606
153.71	19597
153.87	19682
154.03	19764
154.191	19652
154.35	19657
154.511	19694
154.67	19493
154.831	19622
154.99	19506
155.151	19395
155.311	19277
155.47	19499
155.631	19479
155.79	19405
155.951	19352
156.11	19451
156.27	19554
156.43	19308
156.59	19470
156.751	19433
156.91	19442
157.07	19411
157.23	19578
157.39	19505
157.549	19477
157.71	19620
157.869	19571
158.029	19575
158.188	19595
158.349	19596
158.508	19574
158.668	19368
158.827	19655
158.988	19656
159.147	19352
159.307	19259
159.466	19502
159.627	19244
159.786	19353
159.946	19278
160.105	19466
160.265	19299
160.425	19184
160.584	19212
160.744	19331
160.903	19364
161.063	19407
161.222	19382
161.382	19302
161.542	19469
161.701	19423
161.861	19626
162.02	19578
162.18	19724
162.339	19637
162.499	19632
162.658	19461
162.817	19420
162.977	19314
163.136	19313
163.296	19180
163.455	19158
163.614	19086
163.774	19177
163.933	19208
164.093	19250
164.252	19061
164.411	19222
164.571	19188
164.73	19175
164.889	19174
165.049	19143
165.208	19082
165.367	19131
165.527	19325
165.686	19313
165.845	19574
166.005	19627
166.164	19524
166.322	19585
166.482	19613
166.641	19528
166.8	19525
166.96	19301
167.119	19358
167.278	19505
167.437	19354
167.596	19164
167.755	19351
167.915	19201
168.074	19288
168.232	19141
168.391	19269
168.551	19112
168.71	19140
168.869	18998
169.028	19140
169.187	19247
169.346	19053
169.504	19482
169.664	19327
169.823	19282
169.982	19392
170.14	19281
170.3	19137
170.459	19263
170.617	19261
170.776	19265
170.935	19190
171.094	19229
171.253	19281
171.411	19255.6
171.57	19357.1
171.73	19239.5
171.888	19294.9
172.047	19285
172.206	19160.1
172.364	18967.5
172.524	18957.4
172.682	19049.4
172.841	19046.2
172.999	19132.7
173.158	18903.3
173.317	19124.7
173.476	19207.3
173.634	19229.9
173.793	19241.2
173.951	19124.2
174.11	19152.1
174.269	19260.6
174.428	19388.1
174.586	19358.5
174.745	19362.8
174.903	19219.5
175.062	19256.1
175.22	19221.2
175.38	19221.8
175.538	19114.9
175.696	19173.3
175.855	19226.8
176.013	19186.9
176.172	19147.9
176.33	19113.4
176.488	19148.6
176.647	19011.8
176.806	18910.5
176.964	19074.6
177.123	19051.8
177.281	19102
177.439	19153.4
177.598	19097.9
177.756	19134
177.914	19032.3
178.073	19189.3
178.231	19147.9
178.389	19056.3
178.548	19139
178.707	19196.2
178.865	19173.7
179.023	19293.2
179.182	19339.8
179.34	19296.8
179.498	19272.7
179.656	19232.7
179.814	19239.4
179.973	19211
180.131	19126.8
180.289	19272
180.447	19086.7
180.605	19067.4
180.763	18960.5
180.922	18957.6
181.08	18958
181.238	18869.3
181.396	18983.2
181.554	19054.3
181.712	19156.7
181.87	19234.1
182.028	19214.6
182.187	19388.5
182.345	19463.7
182.503	19444.5
182.661	19397
182.819	19380.8
182.977	19421.8
183.135	19383.4
183.293	19267.9
183.451	19284.1
183.609	19327.7
183.767	19203
183.925	19174.6
184.083	19146.9
184.241	19069.5
184.399	19147.1
184.557	19159.2
184.714	19099.3
184.872	18906.9
185.03	18993.4
185.188	18985.8
185.346	18926.7
185.503	19143.9
185.661	19122.8
185.819	19204.7
185.977	19111.9
186.135	19208.1
186.293	19255
186.451	19160.8
186.608	19292
186.766	19282
186.923	19253.8
187.081	19297.1
187.239	19283.1
187.397	19319.2
187.555	19395
187.713	19402.4
187.87	19324.5
187.944	19269
188.105	19213
188.267	19102
188.427	19280
188.589	18978
188.75	18975
188.912	18921
189.072	18871
189.234	18801
189.395	18927
189.557	19008
189.717	19146
189.879	19008
190.04	19141
190.201	19138
190.362	18968
190.523	19150
190.684	19075
190.845	19291
191.007	19240
191.167	19264
191.329	19479
191.489	19183
191.65	19406
191.812	19199
191.972	19083
192.134	19118
192.294	19027
192.455	19054
192.617	18977
192.777	18921
192.939	19063
193.099	18907
193.26	18986
193.421	19022
193.582	19028
193.742	18774
193.904	18894
194.064	18922
194.225	19045
194.386	19099
194.547	19074
194.708	19066
194.869	19084
195.029	19221
195.191	19191
195.351	19067
195.512	19086
195.673	19077
195.833	19076
195.994	19075
196.155	18984
196.316	19052
196.476	19053
196.636	18925
196.798	19028
196.958	18897
197.118	18837
197.28	18892
197.44	18856
197.6	18788
197.761	18838
197.922	18732
198.082	18731
198.243	18913
198.404	18879
198.564	18773
198.724	18818
198.885	18801
199.046	18822
199.206	18757
199.367	18945
199.527	19071
199.688	19093
199.848	18962
200.008	18937
200.169	18919
200.329	18942
200.49	18888
200.65	18742
200.81	18753
200.971	18741
201.132	18616
201.292	18552
201.452	18813
201.612	18636
201.772	18698
201.933	18704
202.094	18654
202.254	18831
202.414	18763
202.574	18719
202.734	18772
202.895	18796
203.055	18804
203.215	18909
203.375	18854
203.535	18924
203.695	18945
203.856	18937
204.016	18746
204.176	18880
204.336	18730
204.496	18879
204.656	18819
204.816	18829
204.977	18935
205.137	18751
205.297	18559
205.457	18551
205.617	18556
205.777	18602
205.937	18543
206.097	18743
206.257	18633
206.417	18738
206.577	18565
206.738	18819
206.898	18727
207.057	18489
207.217	18536
207.377	18545
207.537	18640
207.697	18773
207.857	18769
208.017	18821
208.176	18810
208.336	18794
208.496	18710
208.656	18701
208.816	18569
208.975	18717
209.135	18822
209.296	18800
209.456	18691
209.615	18643
209.775	18459
209.935	18499
210.095	18398
210.254	18476
210.414	18590
210.574	18490
210.734	18435
210.893	18611
211.053	18510
211.213	18596
211.372	18663
211.532	18490
211.691	18535
211.851	18564
212.01	18454
212.17	18550
212.329	18673
212.489	18651
212.649	18517
212.808	18532
212.968	18699
213.127	18616
213.287	18654
213.446	18649
213.606	18304
213.766	18458
213.925	18450
214.085	18431
214.244	18425
214.404	18462
214.563	18515
214.722	18427
214.881	18298
215.041	18237
215.2	18444
215.36	18360
215.519	18458
215.679	18503
215.838	18748
215.998	18533
216.156	18570
216.316	18426
216.475	18543
216.634	18493
216.794	18487
216.953	18584
217.113	18555
217.272	18623
217.43	18417
217.59	18495
217.749	18415
217.908	18517
218.068	18254
218.227	18254
218.386	18234
218.545	18158
218.704	18369
218.863	18321
219.023	18229
219.182	18093
219.34	18239
219.5	18376
219.659	18257
219.818	18392
219.977	18303
220.136	18192
220.295	18412
220.454	18352
220.613	18266
220.773	18315
220.931	18444
221.09	18282
221.249	18277
221.408	18292
221.567	18305
221.726	18323
221.885	18258
222.044	18435
222.202	18466
222.361	18284
222.521	18184
222.68	18169
222.838	18207
222.997	18269
223.156	18121
223.315	18357
223.473	18253
223.632	18077
223.791	18329
223.95	18236
224.109	18349
224.268	18370
224.427	18387
224.585	18338
224.744	18363
224.903	18296
225.061	18488
225.22	18320
225.379	18050
225.537	18126
225.696	18074
225.855	18267
226.013	18015
226.172	18214
226.331	18278
226.489	18192
226.648	18298
226.806	18255
226.964	18159
227.123	18047
227.282	18005
227.44	18143
227.599	18226
227.758	18083
227.916	18073
228.075	18043
228.233	18265
228.391	18091
228.55	18185
228.708	18046
228.867	17976
229.025	17997
229.184	18066
229.342	18225
229.5	18181
229.659	18093
229.817	17992
229.975	17997
230.134	18031
230.292	18114
230.451	18017
230.608	17976
230.767	18032
230.926	17887
231.084	18003
231.242	17982
231.4	18228
231.559	18181
231.717	18194
231.875	18136
232.033	17981
232.192	18004
232.349	18203
232.508	18021
232.666	18116
232.824	18342
232.983	18137
233.14	18061
233.299	18241
233.457	18122
233.615	18233
233.773	18165
233.931	18103
234.089	18026
234.248	17833
234.405	17895
234.564	17857
234.721	17831
234.88	17849
235.037	17734
235.195	17761
235.353	17765
235.511	17574
235.669	17721
235.827	17784
235.985	17779
236.143	17983
236.301	17780
236.459	18139
236.617	18039
236.775	18113
236.933	18168
237.09	18177
237.248	18078
237.406	17961
237.564	18061
237.722	18150
237.879	18105
238.037	18186
238.195	18038
238.353	17879
238.511	17905
238.668	17890
238.826	17868
238.984	17872
239.141	17894
239.3	17761
239.457	17860
239.614	17592
239.773	17557
239.93	17865
240.088	17823
240.245	17781
240.403	17893
240.561	17785
240.718	17772
240.875	17795
241.034	17917
241.191	18095
241.348	17900
241.506	17939
241.664	17967
241.821	17899
241.979	17934
242.136	17881
242.293	17854
242.451	17973
242.609	17881
242.766	17712
242.924	17730
243.081	17828
243.238	17869
243.396	17552
243.553	17664
243.71	17726
243.868	17578
244.026	17633
244.183	17608
244.34	17765
244.498	17726
244.655	17906
244.812	17692
244.969	17669
245.127	17903
245.284	17838
245.441	17749
245.599	17748
245.756	17890
245.913	17911
246.07	17940
246.228	17977
246.385	17805
246.542	17777
246.699	17955
246.856	17978
247.014	17839
247.171	17883
247.328	17722
247.485	17727
247.643	17763
247.799	17672
247.956	17647
248.113	17660
248.27	17647
248.428	17877
248.585	17808
248.742	17683
248.899	17529
249.055	17699
249.213	17564
249.37	17735
249.527	17896
249.684	17742
249.84	17646
249.997	17687
250.155	18013
250.312	17722
250.469	17738
250.625	17743
250.782	17818
250.939	17843
251.096	17603
251.253	17474
251.41	17476
251.567	17614
251.723	17510
251.88	17556
252.037	17378
252.194	17467
252.35	17353
252.508	17375
252.665	17370
252.821	17485
252.978	17523
253.134	17677
253.291	17618
253.448	17556
253.604	17652
253.761	17838
253.918	17618
254.074	17891
254.232	17869
254.388	17684
254.545	17547
254.701	17729
254.858	17716
255.015	17641
255.171	17825
255.328	17705
255.484	17654
255.641	17697
255.797	17574
255.954	17563
256.11	17566
256.267	17516
256.423	17493
256.58	17346
256.736	17374
256.892	17479
257.049	17268
257.205	17323
257.362	17311
257.518	17367
257.675	17550
257.831	17542
257.987	17481
258.144	17652
258.3	17486
258.457	17728
258.613	17568
258.769	17589
258.926	17552
259.082	17323
259.238	17463
259.395	17569
259.551	17614
259.707	17343
259.863	17400
260.02	17401
260.176	17417
260.332	17537
260.489	17449
260.645	17608
260.801	17394
260.957	17385
261.114	17263
261.27	17406
261.426	17534
261.582	17412
261.738	17531
261.894	17582
262.05	17381
262.206	17511
262.362	17626
262.518	17447
262.675	17467
262.831	17516
262.987	17515
263.143	17511
263.298	17618
263.454	17471
263.61	17359
263.766	17506
263.923	17371
264.079	17405
264.235	17302
264.391	17434
264.546	17379
264.702	17310
264.858	17192
265.014	17221
265.17	17327
265.326	17241
265.482	17394
265.637	17307
265.793	17513
265.949	17345
266.105	17355
266.261	17322
266.417	17393
266.572	17534
266.728	17452
266.884	17232
267.04	17379
267.196	17368
267.351	17337
267.507	17410
267.663	17392
267.818	17392
267.974	17455
268.129	17499
268.285	17351
268.441	17454
268.597	17442
268.753	17361
268.908	17322
269.063	17344
269.219	17452
269.375	17384
269.53	17378
269.686	17179
269.842	17259
269.997	17150
270.152	17325
270.308	17139
270.464	17118
270.619	17152
270.774	17021
270.93	17204
271.086	17166
271.241	17161
271.396	17169
271.552	17184
271.707	17178
271.862	17371
272.018	17443
272.174	17285
272.329	17316
272.484	17213
272.64	17297
272.795	17320
272.95	17403
273.105	17302
273.261	17223
273.416	17383
273.571	17396
273.727	17148
273.882	17329
274.037	17117
274.193	17243
274.347	17287
274.503	17254
274.658	17234
274.813	17308
274.968	17167
275.124	17288
275.279	17342
275.434	17189
275.59	17356
275.744	17156
275.9	17229
276.055	17180
276.21	16943
276.365	17034
276.519	17040
276.675	16989
276.83	16809
276.985	17034
277.14	17006
277.295	17010
277.45	16839
277.605	17002
277.76	17053
277.915	16942
278.07	17070
278.225	17346
278.38	17391
278.535	17334
278.69	17178
278.844	17198
279	17379
279.154	17179
279.309	17206
279.465	17326
279.619	17375
279.774	17294
279.929	17328
280.084	17108
280.238	17130
280.393	17214
280.548	17073
280.703	17168
280.858	17029
281.012	16835
281.168	16798
281.322	16964
281.477	16979
281.631	17029
281.786	16975
281.941	17027
282.096	16969
282.25	16970
282.405	17078
282.559	17222
282.714	17310
282.869	17211
283.024	17237
283.178	17000
283.333	16871
283.487	17115
283.642	17033
283.796	17154
283.951	17140
284.105	17242
284.259	17104
284.415	17144
284.569	17169
284.724	17067
284.878	16853
285.033	17055
285.187	16810
285.342	16959
285.496	16936
285.65	16726
285.805	16755
285.959	16839
286.114	16927
286.268	16977
286.423	17055
286.577	17016
286.73	17071
286.885	17067
287.039	17132
287.194	17017
287.348	17067
287.502	17007
287.657	17076
287.811	17117
287.966	16982
288.12	17047
288.273	17113
288.428	17121
288.582	17043
288.737	17010
288.891	17038
289.045	16872
289.199	17068
289.353	16998
289.507	16911
289.662	16929
289.816	16827
289.969	16799
290.124	16747
290.278	16891
290.432	16893
290.586	16626
290.74	16842
290.894	16943
291.049	16901
291.202	16843
291.356	16899
291.511	17017
291.664	16922
291.818	16827
291.973	17057
292.126	16931
292.28	17002
292.435	16939
292.588	16939
292.742	17032
292.896	16865
293.05	16785
293.204	16739
293.357	16804
293.512	16655
293.666	16785
293.819	16694
293.973	16580
294.127	16791
294.281	16646
294.434	16706
294.588	16745
294.742	16873
294.896	16639
295.05	16655
295.203	16773
295.358	16812
295.511	16817
295.664	16814
295.818	16867
295.972	16861
296.126	16863
296.279	16764
296.433	16797
296.587	16938
296.741	17012
296.894	16979
297.047	16923
297.201	16911
297.355	16852
297.509	16719
297.662	16802
297.815	16705
297.969	16767
298.123	16574
298.276	16676
298.43	16459
298.583	16507
298.736	16725
298.89	16536
299.044	16457
299.197	16610
299.351	16467
299.504	16563
299.657	16650
299.81	16823
299.965	16819
